0.0872664625997165 0.261799387799149 0 -0.349065850398866 0 0
0.0872663851548051 0.261799491060058 -3.20663855166805e-08 -0.34906585405389 9.94685768124866e-09 -3.99348921450701e-08
0.0872658476001679 0.261800209330191 -2.55356934538185e-07 -0.34906587904332 7.91785782835462e-08 -3.1750139524984e-07
0.0872644023101761 0.261802145134048 -8.57877011764692e-07 -0.34906594507392 2.65894684469871e-07 -1.06491386789469e-06
0.0872616151667152 0.261805887467156 -2.02414099447781e-06 -0.349066070098339 6.27119657913889e-07 -2.5085204496506e-06
0.0872570654365327 0.261812011895866 -3.93519474494575e-06 -0.349066270338748 1.21871280252139e-06 -4.86885092302394e-06
0.0872503456485873 0.261821080657153 -6.76863808282843e-06 -0.349066560310481 2.09537810765174e-06 -8.36066457540132e-06
0.0872410614713968 0.261833642758408 -1.06986472575827e-05 -0.349066952845674 3.31067411133929e-06 -1.31929980609944e-05
0.087228831590387 0.261850234077243 -1.58959974208673e-05 -0.349067459116909 4.91702376351487e-06 -1.95692132627846e-05
0.0872132875852397 0.261871377461282 -2.25280850989485e-05 -0.349068088660848 6.96572428922717e-06 -2.76870451544683e-05
0.0871940738072418 0.261897582827963 -3.07589506651045e-05 -0.34906884940188 9.50695705186422e-06 -3.77386496624011e-05
0.0871708472566331 0.261929347264334 -4.07493008120312e-05 -0.349069747675755 1.25897974163748e-05 -4.99106515275431e-05
0.0871432774599554 0.261967155126852 -5.26565310242471e-05 -0.349070788253228 1.62622246124899e-05 -6.43841921674035e-05
0.0871110463474005 0.262011478141176 -6.66347480504986e-05 -0.349071974363695 2.05711315979443e-05 -8.13349775379855e-05
0.0870738481301589 0.262062775501972 -8.28347923761649e-05 -0.349073307718841 2.55623349216975e-05 -0.000100933325995731
0.0870313891777682 0.262121493972705 -0.000101404260695663 -0.34907478853627 3.1280584587156e-05 -0.000123344216159465
0.0869833878954618 0.262188067985438 -0.000122487528384855 -0.349076415563152 3.77695739153938e-05 -0.000148727334772343
0.0869295746015171 0.262262919740629 -0.000146225771973447 -0.349078186099861 4.50719494083748e-05 -0.000177237124563791
0.0868696914046038 0.262346459306934 -0.000172756991617405 -0.349080096023616 5.32293206121732e-05 -0.000209022832111455
0.086803492081133 0.262439084720995 -0.000202216033571347 -0.349082139812118 6.2282269980196e-05 -0.000244228555703143
0.0867307419526052 0.262541182087245 -0.00023473461266096 -0.349084310567196 7.22703627364036e-05 -0.000282993293198771
0.0866512177629589 0.262653125677705 -0.000270441334755398 -0.349086600038439 8.32321567385317e-05 -0.000325450989892307
0.0865647075559189 0.262775278031779 -0.000309461719239688 -0.349088998646845 9.52052123413125e-05 -0.000371730586373717
0.0864710105523453 0.262907990056052 -0.000351918221487139 -0.349091495508453 0.000108226102259696 -0.00042195606639091
0.0863699370275812 0.263051601124088 -0.000397930255331743 -0.349094078457989 0.000122330421432073 -0.00047624650471168
0.086261308188802 0.263206439176231 -0.00044761421554058 -0.349096734072503 0.000137552796883494 -0.000534716114985655
0.0861449560523631 0.263372820819398 -0.000501083500286227 -0.34909944769501 0.000153926897588891 -0.000597474297606237
0.0860207233211491 0.263551051426877 -0.000558448533619161 -0.34910220345813 0.000171485444336302 -0.000664625687572552
0.0858884632619217 0.263741425238128 -0.000619816787940162 -0.349104984307728 0.000190260219590088 -0.000736270202351391
0.0857480395826684 0.263944225458577 -0.000685292806472723 -0.349107772026555 0.000210282077354159 -0.000812503089739156
0.0855993263099511 0.264159724359417 -0.00075497822573545 -0.349110547257888 0.000231580953035192 -0.000893414975723806
0.0854422076662543 0.264388183377403 -0.00082897179801447 -0.349113289529165 0.000254185873305853 -0.000979091912346799
0.085276577947334 0.26462985321465 -0.000907369413835837 -0.349115977275636 0.00027812496596802 -0.00106961542556504
0.0851023413995656 0.264884973938432 -0.000990264124437934 -0.349118587863991 0.000303425469816002 -0.00116506256311283
0.0849194120972928 0.265153775080978 -0.00107774616424388 -0.349121097616009 0.000330113744499764 -0.00126550594236378
0.084727713820176 0.265436475739272 -0.00116990297333394 -0.349123481832193 0.000358215280388145 -0.00137101379819283
0.0845271799305407 0.265733284674846 -0.00126681921991792 -0.349125714815414 0.000387754708432081 -0.00148165003083809
0.0843177532507259 0.266044400413585 -0.00136857682280757 -0.349127769894545 0.000418755810027825 -0.00159747425376287
0.0840993859404329 0.266370011345516 -0.00147525497388901 -0.34912961944811 0.000451241526880173 -0.0017185418415176
0.0838720393740735 0.266710295824613 -0.00158693016059513 -0.349131234927917 0.000485233970865678 -0.00184490397760175
0.0836356840181184 0.26706542226859 -0.00170367618837795 -0.349132586882697 0.000520754433895879 -0.0019766077023258
0.0833902993084459 0.267435549258701 -0.00182556420318111 -0.349133644981754 0.000557823397780516 -0.00211369596067319
0.0831358735276902 0.267820825639536 -0.00195266271391218 -0.349134378038592 0.000596460544090757 -0.00225620765016224
0.0828724036825903 0.268221390618822 -0.00208503761491515 -0.349134754034566 0.000636684764022414 -0.00240417766870811
0.0825998953813377 0.268637373867214 -0.00222275220844278 -0.349134740142514 0.000678514168259171 -0.00255763696248475
0.0823183627109256 0.269068895618101 -0.00236586722712903 -0.349134302750405 0.000721966096835799 -0.00271661257378685
0.0820278281144969 0.269516066767397 -0.00251444085646144 -0.349133407484971 0.00076705712900138 -0.00288112768889174
0.0817283222686931 0.26997898897334 -0.00266852875725358 -0.349132019235352 0.000813803093082531 -0.0030512016859214
0.0814198839610023 0.270457754756294 -0.0028281840881174 -0.349130102176736 0.00086221907634662 -0.00322685018270434
0.0811025599671082 0.270952447598541 -0.00299345752793569 -0.349127619793997 0.000912319434864993 -0.00340808508463762
0.080776404928238 0.271463142044082 -0.00316439729833444 -0.349124534905337 0.000964117803376191 -0.00359491463254872
0.0804414812285113 0.271989903798432 -0.00334104918615526 -0.349120809685925 0.00101762710514918 -0.00378734345055752
0.0800978588722885 0.272532789828421 -0.00352345656592782 -0.349116405691536 0.00107285956184655 -0.00398537259393825
0.0797456153615192 0.273091848461989 -0.00371166042234218 -0.349111283882194 0.00112982670338776 -0.00418899959698143
0.0793848355730907 0.273667119487984 -0.00390569937272128 -0.34910540464581 0.00118853937781237 -0.00439821852085581
0.0790156116361764 0.274258634255962 -0.00410560968949326 -0.349098727821824 0.00124900776114322 -0.00461302000147031
0.0786380428095844 0.274866415775982 -0.00431142532266396 -0.349091212724841 0.00131124136724968 -0.00483339129733597
0.078252235359106 0.275490478818402 -0.00452317792228923 -0.349082818168276 0.00137524905771088 -0.0050593163374279
0.077858302434864 0.276130830013682 -0.00474089686094742 -0.349073502487991 0.0014410390516789 -0.00529077576904723
0.0774563639486614 0.276787467952178 -0.00496460925621169 -0.349063223565937 0.00150861893574202 -0.00552774700568303
0.0770465464513296 0.277460383283939 -0.00519433999312253 -0.349051938853792 0.00157799567378794 -0.00577020427487427
0.0766289830100771 0.278149558818508 -0.00543011174666007 -0.349039605396602 0.00164917561686697 -0.0060181186660718
0.0762038130858379 0.278854969624716 -0.00567194500421652 -0.349026179856422 0.0017221645130553 -0.0062714581785002
0.0757711824106201 0.279576583130482 -0.0059198580880686 -0.349011618535956 0.00179696751731817 -0.00653018776901985
0.0753312428648542 0.280314359222609 -0.00617386717784988 -0.348995877402195 0.00187358920137314 -0.00679426939998875
0.0748841523547414 0.281068250346583 -0.00643398633302327 -0.348978912110059 0.00195203356355327 -0.00706366208712457
0.0744300746896027 0.281838201606371 -0.00670022751535336 -0.348960678026038 0.00203230403867038 -0.00733832194736653
0.0739691794592268 0.282624150864215 -0.00697260061137883 -0.348941130251828 0.00211440350787823 -0.00761820224673736
0.0735016419112186 0.283426028840437 -0.0072511134548849 -0.348920223647977 0.00219833430853578 -0.00790325344820526
0.0730276428283481 0.284243759213228 -0.00753577184937569 -0.348897912857521 0.00228409824407038 -0.00819342325954584
0.0725473684058986 0.28507725871845 -0.00782657959054664 -0.348874152329622 0.00237169659384102 -0.00848865668120402
0.0720610101290151 0.285926437249436 -0.00812353848875693 -0.348848896343216 0.00246113012300153 -0.00878889605415607
0.0715687646500527 0.286791197956782 -0.00842664839150186 -0.348822099030645 0.0025523990923638 -0.00909408110777146
0.0710708336659256 0.287671437348148 -0.00873590720588526 -0.348793714401301 0.00264550326826103 -0.00940414900767485
0.0705674237954551 0.288567045388058 -0.00905131092109194 -0.348763696365265 0.00274044193241091 -0.00971903440360804
0.0700587464567179 0.289477905597692 -0.00937285363086 -0.34873199875695 0.00283721389177888 -0.0100386694772919
0.0695450177443953 0.290403895154687 -0.00970052755595333 -0.348698575358735 0.00293581748844133 -0.0103629839902883
0.069026458307121 0.291344884992934 -0.010034323066634 -0.34866337992461 0.00303625060944881 -0.0106919053318621
0.06850329322483 0.292300739902377 -0.0103742287051345 -0.348626366203816 0.0031385106966893 -0.011025358566843
0.0679757518861066 0.293271318628808 -0.0107202312081306 -0.348587487964483 0.00324259475675136 -0.0113632664834876
0.0674440678655335 0.294256473973665 -0.011072315529213 -0.348546699017271 0.00334849937078742 -0.0117055496413414
0.0669084788010397 0.295256052893835 -0.0114304648613606 -0.348503953239009 0.00345622070437696 -0.0120521264191005
0.0663692262712494 0.296269896601443 -0.0117946606594123 -0.348459204596339 0.00356575451738975 -0.0124029130624737
0.0658265556728303 0.297297840663654 -0.0121648826625394 -0.348412407169349 0.00367709617384904 -0.0127578237320445
0.0652807160978419 0.298339715102474 -0.0125411089167187 -0.348363515175222 0.00379024065179484 -0.0131167705511329
0.0647319602110844 0.299395344494541 -0.0129233157972038 -0.348312482991867 0.00390518255314709 -0.0134796636536575
0.0641805441274467 0.300464548070927 -0.0133114780309985 -0.348259265181567 0.0040219161135689 -0.0138464112319972
0.0636267272892553 0.301547139816934 -0.0137055687193287 -0.348203816514615 0.00414043521232977 -0.0142169195848536
0.0630707723436225 0.302642928571893 -0.0141055593601149 -0.348146091992952 0.0042607333821688 -0.0145910931651124
0.062512945019795 0.30375171812896 -0.0145114198704446 -0.348086046873813 0.00438280381915796 -0.0149688346277057
0.0619535140065021 0.304873307334915 -0.0149231186090448 -0.348023636693363 0.00450663939256522 -0.0153500448774739
0.0613927508293048 0.306007490189957 -0.0153406223987543 -0.347958817290336 0.00463223265471789 -0.0157346231170275
0.0608309297279437 0.307154055947506 -0.0157638965489961 -0.347891544829681 0.00475957585086571 -0.0161224668946091
0.0602683275336875 0.308312789213998 -0.0161929048782498 -0.347821775826195 0.0048886609290442 -0.0165134721519554
0.0597052235466819 0.309483470048681 -0.0166276097365242 -0.347749467168166 0.00501947954993777 -0.0169075332721593
0.0591418994132977 0.310665874063417 -0.0170679720278294 -0.347674576141016 0.00515202309674303 -0.0173045431275315
0.0585786390034795 0.311859772522476 -0.0175139512326494 -0.347597060450937 0.00528628268503195 -0.0177043931274626
0.0580157282880938 0.313064932442333 -0.0179655054304145 -0.347516878248531 0.00542224917261512 -0.0181069732662851
0.057453455216278 0.314281116691472 -0.0184225913219736 -0.347433988152455 0.00555991316940493 -0.0185121721711354
0.0568921095927886 0.315508084090174 -0.0188851642520667 -0.347348349273055 0.00569926504727886 -0.0189198771498154
0.0563319829553495 0.316745589510324 -0.0193531782317973 -0.34725992123601 0.00584029494994261 -0.019329974238655
0.0557733684520009 0.317993383975201 -0.0198265859611048 -0.347168664205971 0.00598299280279341 -0.0197423482503736
0.0552165607184474 0.31925121475928 -0.0203053388512368 -0.347074538910199 0.00612734832278318 -0.0201568828219421
0.0546618557554066 0.320518825488031 -0.0207893870472217 -0.346977506662211 0.00627335102828179 -0.020573460462445
0.0541095508059578 0.32179595623771 -0.0212786794503409 -0.346877529385412 0.00642099024894024 -0.0209919626009422
0.0535599442328901 0.323082343635165 -0.0217731637406012 -0.346774569636742 0.00657025513555393 -0.0214122696343313
0.0530133353960511 0.324377720957626 -0.0222727863992077 -0.346668590630313 0.00672113466992584 -0.0218342609752089
0.0524700245296953 0.325681818232509 -0.0227774927310354 -0.346559556261049 0.00687361767472979 -0.0222578150997331
0.0519303126198326 0.32699436233721 -0.0232872268871023 -0.346447431128327 0.00702769282337363 -0.0226828095954852
0.0513945012815769 0.328315077098901 -0.0238019318870412 -0.346332180559615 0.00718334864986245 -0.0231091212093318
0.0508628926364943 0.329643683394334 -0.0243215496415728 -0.346213770634116 0.00734057355866185 -0.0235366258952864
0.0503357891899517 0.330979899249633 -0.0248460209749774 -0.346092168206405 0.00749935583456114 -0.0239651988623719
0.0498134937084656 0.332323439940091 -0.025375285647568 -0.34596734093007 0.00765968365253653 -0.0243947146224819
0.0492963090970499 0.333674018089975 -0.0259092823781619 -0.345839257281351 0.0078215450876144 -0.0248250470382432
0.048784538276565 0.335031343772313 -0.026447948866554 -0.345707886582783 0.00798492812473449 -0.0252560693708776
0.0482784840610659 0.336395124608701 -0.0269912218159884 -0.345573199026832 0.00814982066861312 -0.0256876543280634
0.0477784490351511 0.337765065869097 -0.0275390369556314 -0.34543516569954 0.00831621055360644 -0.0261196741117982
0.0472847354313103 0.339140870571616 -0.0280913290630434 -0.34529375860416 0.00848408555357364 -0.0265520004662599
0.0467976450072738 0.340522239582332 -0.0286480319866519 -0.3451489506848 0.00865343339174013 -0.0269845047256694
0.0463174789233604 0.341908871715073 -0.0292090786682233 -0.345000715850061 0.00882424175056083 -0.027417057862152
0.0458445376198259 0.343300463831219 -0.0297744011653357 -0.344849028996678 0.00899649828158334 -0.0278495305336
0.0453791206942117 0.344696710939503 -0.0303439306738513 -0.344693866033158 0.00917019061531119 -0.0282817931315337
0.0449215267786935 0.346097306295801 -0.0309175975503883 -0.344535203903425 0.00934530637106705 -0.0287137158289643
0.0444720534174293 0.347501941502938 -0.0314953313347942 -0.344373020610455 0.00952183316685593 -0.0291451686282552
0.0440309969439082 0.348910306610481 -0.0320770607726172 -0.344207295239918 0.00969975862922846 -0.0295760214089843
0.0435986523582989 0.350322090214536 -0.0326627138375796 -0.344038007983818 0.00987907040314404 -0.0300061439758057
0.0431753132047979 0.351736979557549 -0.0332522177540493 -0.343865140164136 0.0100597561618341 -0.0304354061063118
0.0427612714489781 0.353154660628103 -0.0338454990195129 -0.343688674256462 0.0102418036166654 -0.0308636775988953
0.0423568173551376 0.35457481826071 -0.0344424834270476 -0.343508593913646 0.010425200527003 -0.0312908283206109
0.0419622393636477 0.355997136235619 -0.0350430960877939 -0.34332488398943 0.0106099347100738 -0.0317167282550374
0.0415778239683015 0.357421297378603 -0.035647261453428 -0.343137530562089 0.0107959940508296 -0.0321412475501399
0.0412038555936627 0.358846983660763 -0.0362549033386342 -0.342946520958075 0.0109833665118102 -0.0325642565661311
0.0408406164724137 0.360273876298325 -0.036865944943577 -0.342751843775655 0.0111720401430069 -0.0329856259233338
0.040488386522704 0.361701655852436 -0.0374803088763739 -0.34255348890855 0.0113620030917256 -0.0334052265500428
0.0401474432254992 0.363130002328962 -0.0380979171755676 -0.342351447569576 0.0115532436124498 -0.0338229297303864
0.039818061501929 0.364558595278286 -0.0387186913325985 -0.342145712314283 0.0117457500767042 -0.0342386071521891
0.039500513590636 0.365987113895105 -0.0393425523142771 -0.341936277064598 0.0119395109829177 -0.0346521309548327
0.0391950689251236 0.367415237118231 -0.0399694205852563 -0.341723137132464 0.0121345149662867 -0.035063373777119
0.0389019940111052 0.368842643730382 -0.0405992161305038 -0.341506289243476 0.0123307508086381 -0.0354722088051309
0.0386215523038524 0.370269012457986 -0.0412318584777748 -0.341285731560527 0.0125282074482929 -0.0358785098200954
0.0383540040855433 0.371694022070975 -0.0418672667200839 -0.341061463707445 0.0127268739899292 -0.0362821512462447
0.0380996063426111 0.373117351482585 -0.042505359538178 -0.340833486792634 0.0129267397144453 -0.0366830081986785
0.0378586126430925 0.374538679849151 -0.0431460552230084 -0.340601803432713 0.0131277940888233 -0.0370809565312257
0.0376312730139767 0.375957686669906 -0.0437892716982033 -0.340366417776157 0.0133300267759919 -0.0374758728843068
0.0374178338185529 0.37737405188678 -0.0444349265425403 -0.340127335526937 0.0135334276446899 -0.0378676347327954
0.0372185376337596 0.378787455984195 -0.0450829370124186 -0.33988456396816 0.0137379867793294 -0.0382561204338803
0.0370336231275328 0.380197580088865 -0.0457332200643315 -0.33963811198571 0.0139436944898587 -0.0386412092749276
0.0368633249361542 0.381604106069593 -0.0463856923773389 -0.339387990091886 0.0141505413216261 -0.0390227815213423
0.0367078735416003 0.383006716637065 -0.0470402703755396 -0.339134210449043 0.0143585180652426 -0.0394007184644307
0.0365674951488903 0.384405095443654 -0.0476968702505436 -0.338876786893233 0.0145676157664453 -0.0397749024692617
0.0364424115634349 0.385798927183214 -0.0483554079839449 -0.338615734957846 0.0147778257359608 -0.0401452170225295
0.0363328400683845 0.387187897690877 -0.0490157993697934 -0.338351071897245 0.0149891395593682 -0.0405115467804151
0.0362389933019781 0.388571694042854 -0.0496779600370676 -0.338082816710413 0.0152015491069622 -0.0408737776164482
0.0361610791348913 0.389950004656226 -0.050341805472147 -0.337810990164589 0.0154150465436167 -0.0412317966693693
0.0360993005475851 0.391322519388751 -0.0510072510412844 -0.337535614818907 0.0156296243386479 -0.0415854923909917
0.0360538555076543 0.392688929638654 -0.0516742120130785 -0.337256715048041 0.0158452752756773 -0.0419347545940634
0.0360249368471757 0.394048928444427 -0.052342603580946 -0.336974317065838 0.016061992462495 -0.0422794745001288
0.0360127321400574 0.395402210584628 -0.0530123408855942 -0.336688448948966 0.0162797693409232 -0.0426195447873909
0.0360174235793859 0.396748472677677 -0.0536833390374934 -0.336399140660549 0.016498599696679 -0.0429548596385735
0.0360391878547763 0.398087413281655 -0.0543555131393493 -0.336106424073807 0.0167184776692381 -0.0432853147887823
0.0360781960297188 0.3994187329941 -0.0550287783085753 -0.335810332995698 0.0169393977616974 -0.0436108075733679
0.0361346134189294 0.400742134551805 -0.0557030496997651 -0.335510903190559 0.0171613548506389 -0.0439312369757869
0.0362085994656961 0.402057322930617 -0.056378242527165 -0.335208172403743 0.0173843441959925 -0.0442465036754643
0.0363003076192292 0.403364005445234 -0.0570542720871462 -0.334902180385262 0.0176083614508992 -0.0445565100956554
0.0364098852120087 0.404661891849002 -0.0577310537806773 -0.334592968913423 0.0178334026715746 -0.0448611604513074
0.0365374733371336 0.405950694433712 -0.0584085031357969 -0.334280581818474 0.0180594643271718 -0.0451603607969218
0.0366832067256692 0.4072301281294 -0.0590865358300855 -0.333965065006241 0.018286543309645 -0.0454540190744162
0.0368472136239968 0.408499910604142 -0.0597650677131386 -0.333646466481764 0.0185146369436123 -0.045742045160986
0.0370296156711616 0.409759762363854 -0.0604440148290383 -0.333324836372946 0.0187437429962192 -0.0460243509169667
0.0372305277762209 0.411009406852089 -0.0611232934388266 -0.333000226954186 0.0189738596870018 -0.0463008502336957
0.0374500579955936 0.412248570549833 -0.061802820042977 -0.332672692670021 0.0192049856977499 -0.046571459081374
0.0376883074104072 0.413476983075304 -0.0624825114038673 -0.332342290158767 0.0194371201823704 -0.0468360955569288
0.0379453700038477 0.414694377283749 -0.0631622845682519 -0.332009078276159 0.0196702627767502 -0.0470946799318745
0.038221332538507 0.415900489367244 -0.0638420568897345 -0.33167311811899 0.0199044136086199 -0.0473471347001755
0.0385162744337319 0.417095058954487 -0.0645217460512401 -0.331334473048752 0.0201395733074165 -0.0475933846261079
0.0388302676429728 0.4182778292106 -0.0652012700874875 -0.330993208715274 0.020375743014147 -0.047833356792121
0.0391633765311314 0.419448546936926 -0.0658805474074618 -0.330649393080368 0.0206129243912517 -0.0480669806467
0.0395156577519101 0.420606962670824 -0.0665594968168868 -0.330303096441461 0.0208511196324668 -0.0482941880522271
0.0398871601251599 0.421752830785468 -0.0672380375406973 -0.329954391455241 0.0210903314726883 -0.0485149133328443
0.0402779245142287 0.422885909589645 -0.0679160892455118 -0.329603353161294 0.0213305631978349 -0.0487290933223147
0.0406879837033101 0.424005961427554 -0.0685935720621045 -0.329250059005748 0.0215718186547114 -0.0489366674118848
0.0411173622747927 0.425112752778602 -0.0692704066078779 -0.328894588864906 0.0218141022608717 -0.0491375775981462
0.0415660764866062 0.426206054357199 -0.0699465140093353 -0.328537025068894 0.022057419014482 -0.0493317685308977
0.0420341341495729 0.427285641212562 -0.070621815924553 -0.328177452425297 0.0223017745041845 -0.0495191875610073
0.0425215345047538 0.428351292828506 -0.0712962345656528 -0.327815958242797 0.0225471749189599 -0.0496997847882741
0.0430282681007983 0.429402793223248 -0.0719696927212745 -0.32745263235482 0.0227936270579911 -0.04987351310929
0.0435543166712919 0.430439931049199 -0.0726421137790482 -0.327087567143169 0.0230411383405265 -0.050040328265302
0.0440996530121057 0.431462499692764 -0.0733134217480668 -0.326720857561666 0.0232897168157429 -0.0502001888900739
0.0446642408587441 0.43247029737414 -0.0739835412813579 -0.326352601159797 0.0235393711726087 -0.0503530565577484
0.0452480347636931 0.433463127247115 -0.0746523976983573 -0.325982898106343 0.0237901107497476 -0.050498895830709
0.0458509799737693 0.43444079749886 -0.0753199170073804 -0.32561185121303 0.0240419455453011 -0.0506376743074419
0.0464730123074689 0.435403121449734 -0.0759860259280947 -0.32523956595816 0.0242948862267926 -0.0507693626703979
0.047114058032314 0.436349917653077 -0.0766506519139929 -0.324866150510259 0.0245489441409898 -0.0508939347338547
0.0477740337422042 0.437281009995008 -0.0773137231748646 -0.324491715751712 0.0248041313237682 -0.0510113674917781
0.0484528462347624 0.438196227794225 -0.0779751686992691 -0.324116375302404 0.0250604605099748 -0.0511216411656847
0.0491503923886843 0.439095405901799 -0.0786349182770074 -0.323740245543361 0.0253179451432904 -0.0512247392525036
0.0498665590410877 0.439978384800976 -0.0792929025215953 -0.32336344564039 0.0255765993860936 -0.0513206485724382
0.0506012228648594 0.440845010706971 -0.0799490528927349 -0.32298609756772 0.0258364381293239 -0.0514093593168281
0.0513542502460046 0.441695135666767 -0.0806033017187877 -0.322608326131638 0.0260974770023444 -0.0514908650960115
0.0521254971609954 0.442528617658913 -0.081255582219247 -0.322230258994134 0.0263597323828056 -0.0515651629871866
0.0529148090541189 0.44334532069332 -0.0819058285272098 -0.32185202669654 0.0266232214065085 -0.0516322535822739
0.0537220207148261 0.444145114911062 -0.0825539757118495 -0.321473762683167 0.0268879619772675 -0.0516921410357778
0.0545469561550799 0.44492787668417 -0.0831999598008884 -0.321095603324949 0.027153972776774 -0.051744833112649
0.055389428486704 0.445693488715431 -0.0838437178030701 -0.320717687943081 0.0274212732744596 -0.0517903412361461
0.0562492397987312 0.446441840138187 -0.0844851877306316 -0.320340158832658 0.0276898837373588 -0.0518286805356977
0.0571261810347514 0.44717282661613 -0.0851243086217761 -0.31996316128632 0.0279598252399731 -0.0518598698947645
0.0580200318702611 0.447886350443102 -0.0857610205631451 -0.319586843617885 0.0282311196741335 -0.0518839319987006
0.0589305605900117 0.448582320642892 -0.0863952647122909 -0.319211357185995 0.0285037897588639 -0.051900893382616
0.0598575239653564 0.449260653069031 -0.0870269833201491 -0.318836856417753 0.0287778590502444 -0.0519107844792388
0.0608006671316007 0.449921270504595 -0.0876561197535111 -0.318463498832364 0.0290533519512747 -0.0519136396667764
0.06175972346535 0.450564102761998 -0.088282618517496 -0.318091445064776 0.0293302937217369 -0.051909497316778
0.0627344144618581 0.451189086782792 -0.0889064252780237 -0.317720858889318 0.0296087104880592 -0.0518983998419965
0.0637244496123755 0.451796166737462 -0.0895274868842866 -0.317351907243342 0.0298886292531785 -0.0518803937442497
0.064729526281498 0.452385294125228 -0.0901457513912226 -0.316984760250862 0.0301700779064044 -0.0518555296622838
0.065749329584516 0.452956427873838 -0.0907611680819873 -0.316619591246193 0.0304530852332817 -0.0518238624196334
0.0667835322647609 0.453509534439369 -0.0913736874904261 -0.316256576797596 0.0307376809254541 -0.0517854510724854
0.0678317945709563 0.454044587906023 -0.0919832614235472 -0.315895896730911 0.0310238955905273 -0.0517403589575393
0.0688937641345646 0.454561570085925 -0.0925898429839933 -0.315537734153203 0.0313117607619319 -0.05168865373987
0.0699690758471354 0.455060470618921 -0.0931933865925148 -0.315182275476399 0.0316013089087873 -0.05163040746079
0.0710573517376554 0.455541287072375 -0.0937938480104416 -0.314829710440929 0.0318925734457641 -0.0515656965857102
0.0721582008498948 0.456004025040967 -0.0943911843621557 -0.314480232139366 0.0321855887429481 -0.0514946020520032
0.0732712191197588 0.45644869824649 -0.0949853541575633 -0.314134037040066 0.032480390135703 -0.0514172093168642
0.0743959892526326 0.45687532863765 -0.0955763173145683 -0.313791325010808 0.0327770139345337 -0.0513336084051737
0.0755320806007321 0.457283946489859 -0.096164035181543 -0.313452299342435 0.0330754974349498 -0.0512438939573588
0.0766790490404524 0.457674590505039 -0.0967484705598018 -0.313117166772492 0.0333758789273285 -0.0511481652772556
0.077836436849715 0.458047307911412 -0.0973295877260734 -0.312786137508869 0.033678197706778 -0.0510465263799711
0.0790037725853164 0.458402154563305 -0.097907352454973 -0.312459425253438 0.0339824940830007 -0.0509390860397451
0.0801805709602791 0.458739195040944 -0.0984817320414742 -0.312137247225697 0.0342888093901562 -0.0508259578378115
0.0813663327211963 0.45905850275025 -0.0990526953233825 -0.311819824186404 0.0345971859967249 -0.0507072602102615
0.082560544525583 0.459360160022641 -0.0996202127038072 -0.311507380461225 0.0349076673153711 -0.0505831164959044
0.0837626788192232 0.459644258214825 -0.100184256173633 -0.311200143964368 0.0352202978128059 -0.0504536549841306
0.0849721937135191 0.459910897808603 -0.100744799333994 -0.310898346222223 0.0355351230196509 -0.0503190089627724
0.0861885328628404 0.46016018851066 -0.101301817418745 -0.310602222397008 0.0358521895403012 -0.0501793167659665
0.0874111253418685 0.460392249352369 -0.101855287316934 -0.310312011310402 0.0361715450627884 -0.0500347218220167
0.0886393855229524 0.460607208789585 -0.102405187595275 -0.310027955467191 0.0364932383686443 -0.0498853727012542
0.08987271295345 0.460805204802442 -0.10295149852062 -0.309750301078902 0.0368173193427637 -0.0497314231639007
0.0911104922330803 0.460986384995154 -0.103494202082431 -0.30947929808745 0.0371438389832678 -0.0495730322079306
0.092352092891272 0.46115090669581 -0.104033282015254 -0.309215200188772 0.0374728494113675 -0.0494103641169316
0.0935968692645091 0.461298937056172 -0.10456872382119 -0.308958264856471 0.0378044038812264 -0.0492435885079682
0.0948441603736834 0.461430653151474 -0.105100514792368 -0.308708753365455 0.0381385567898243 -0.0490728803794428
0.0960932898014397 0.461546242080219 -0.105628644033416 -0.308466930815575 0.0384753636868202 -0.0488984201589572
0.0973435655695259 0.461645901063973 -0.106153102483937 -0.308233066155269 0.0388148812844155 -0.0487203937511757
0.0985942800161414 0.46172983754717 -0.106673882940976 -0.308007432205199 0.0391571674672173 -0.0485389925856863
0.0998447096732843 0.461798269296903 -0.107190980081499 -0.307790305681893 0.039502281302102 -0.0483544136648628
0.101094115144102 0.461851424502725 -0.107704390484857 -0.307581967221383 0.0398502830480777 -0.0481668596117267
0.102341740980238 0.461889541876446 -0.108214112655268 -0.307382701402846 0.0402012341661481 -0.0479765387178089
0.10358681555918 0.46191287075193 -0.108720147044283 -0.307192796772247 0.0405551973291755 -0.0477836649910132
0.104828550961612 0.461921671184893 -0.109222496073258 -0.307012545865974 0.0409122364317439 -0.0475884582034748
0.106066142848756 0.461916214052702 -0.109721164155831 -0.30684224523448 0.0412724166000224 -0.0473911439394266
0.107298770339728 0.46189678115417 -0.110216157720391 -0.306682195465928 0.0416358042016285 -0.0471919536430575
0.108525595888881 0.461863665309355 -0.110707485232551 -0.306532701209821 0.0420024668554911 -0.0469911246663768
0.10974589242893 0.461817132623461 -0.111195143528172 -0.306394015651364 0.0423724523365707 -0.0467888565033433
0.11095943110323 0.461757305731367 -0.111679076340898 -0.306266171894077 0.0427457246421652 -0.0465851774295128
0.112166110007283 0.461684271494869 -0.112159214641423 -0.306149146134213 0.0431222262178503 -0.0463800725291201
0.113365828442667 0.461598117991652 -0.112635490232088 -0.306042912716381 0.0435018989152208 -0.0461735270233319
0.114558486928898 0.46149893449938 -0.113107835757944 -0.305947444137436 0.0438846840015814 -0.0459655262742934
0.115743987215109 0.461386811479653 -0.113576184717652 -0.305862711050655 0.0442705221697123 -0.0457560557891309
0.116922232291527 0.461261840561862 -0.114040471474198 -0.305788682270197 0.0446593535477073 -0.0455451012239087
0.118093126400772 0.461124114526916 -0.114500631265446 -0.305725324775843 0.0450511177088832 -0.0453326483875401
0.119256575048951 0.460973727290873 -0.114956600214497 -0.305672603718024 0.0454457536817602 -0.0451186832456507
0.120412485016566 0.460810773888454 -0.115408315339888 -0.305630482423128 0.0458431999601092 -0.0449031919243954
0.121560764369223 0.460635350456451 -0.115855714565589 -0.305598922399087 0.046243394513067 -0.044686160714226
0.122701322468141 0.460447554217043 -0.116298736730837 -0.305577883341245 0.0466462747953149 -0.0444675760736102
0.123834069980466 0.460247483460998 -0.116737321599771 -0.305567323138509 0.0470517777573226 -0.0442474246327007
0.124958918889386 0.460035237530783 -0.11717140987089 -0.305567197879774 0.0474598398556517 -0.044025693196954
0.126075782504035 0.459810916803588 -0.117600943186322 -0.305577461860628 0.0478703970633212 -0.0438023687506984
0.127184575469209 0.459574622674241 -0.118025864140899 -0.305598067590333 0.0482833848802297 -0.0435774384606495
0.128285213774865 0.459326457538048 -0.118446116291053 -0.305628965799082 0.048698738343635 -0.0433508896793743
0.129377614765419 0.459066524773537 -0.118861644163508 -0.305670105445528 0.0491163920386891 -0.0431227099487014
0.13046169714884 0.458794928725127 -0.119272393263788 -0.305721433724593 0.0495362801090256 -0.042892887003078
0.131537381005537 0.458511774685703 -0.119678310084526 -0.305782896075543 0.0499583362673994 -0.0426614087728729
0.132604587797026 0.458217168879126 -0.120079342113581 -0.305854436190333 0.050382493806376 -0.0424282633876242
0.133663240374403 0.457911218442656 -0.120475437841955 -0.305935996022232 0.0508086856090688 -0.0421934391792316
0.134713262986595 0.457594031409306 -0.120866546771511 -0.306027515794702 0.051236844159924 -0.0419569246850929
0.1357545812884 0.457265716690129 -0.121252619422499 -0.306128934010558 0.0516669015555486 -0.0417187086511841
0.136787122348319 0.45692638405643 -0.12163360734087 -0.306240187461383 0.0520987895155827 -0.0414787800350822
0.137810814656169 0.456576144121919 -0.1220094631054 -0.306361211237216 0.0525324393936132 -0.04123712800893
0.138825588130481 0.456215108324796 -0.122380140334601 -0.306491938736497 0.0529677821881263 -0.0409937419623436
0.139831374125687 0.455843388909781 -0.122745593693439 -0.306632301676279 0.0534047485534985 -0.0407486115052605
0.14082810543908 0.455461098910085 -0.123105778899836 -0.306782230102691 0.0538432688110237 -0.0405017264707287
0.141815716317567 0.455068352129326 -0.123460652730973 -0.306941652401673 0.054283272959975 -0.0402530769176365
0.1427941424642 0.454665263123395 -0.123810173029387 -0.307110495309955 0.0547246906886983 -0.040002653133382
0.143763321044481 0.454251947182273 -0.124154298708854 -0.307288683926299 0.0551674513857382 -0.0397504456364818
0.144723190692455 0.453828520311801 -0.124492989760071 -0.307476141722994 0.0556114841509918 -0.039496445179119
0.145673691516579 0.453395099215408 -0.124826207256125 -0.307672790557599 0.0560567178068914 -0.0392406427496298
0.14661476510537 0.452951801275795 -0.125153913357747 -0.307878550684936 0.0565030809096115 -0.0389830295749281
0.147546354532828 0.452498744536588 -0.125476071318367 -0.308093340769341 0.0569505017603008 -0.0387235971228678
0.148468404363638 0.45203604768395 -0.125792645488943 -0.308317077897149 0.0573989084163362 -0.0384623371045429
0.149380860658152 0.451563830028162 -0.126103601322589 -0.308549677589429 0.0578482287025973 -0.0381992414765241
0.150283670977141 0.451082211485173 -0.126408905378987 -0.308791053814967 0.0582983902227595 -0.0379343024430322
0.151176784386323 0.450591312558133 -0.126708525328577 -0.309041119003477 0.0587493203706047 -0.0376675124580479
0.152060151460671 0.450091254318883 -0.127002429956547 -0.309299784059066 0.0592009463413464 -0.0373988642273578
0.152933724288492 0.449582158389444 -0.127290589166595 -0.309566958373923 0.0596531951429689 -0.0371283507105355
0.153797456475277 0.449064146923474 -0.127572973984486 -0.309842549842253 0.0601059936075786 -0.0368559651228581
0.154651303147331 0.448537342587714 -0.127849556561384 -0.310126464874434 0.0605592684027645 -0.0365817009371587
0.155495220955172 0.448001868543419 -0.128120310176975 -0.310418608411413 0.0610129460429677 -0.0363055518856123
0.156329168076704 0.447457848427782 -0.128385209242371 -0.310718883939329 0.0614669529008571 -0.0360275119614574
0.157153104220162 0.446905406335344 -0.128644229302794 -0.311027193504353 0.0619212152187101 -0.035747575420651
0.157966990626831 0.446344666799411 -0.128897347040047 -0.311343437727769 0.0623756591197962 -0.0354657367834582
0.158770790073535 0.445775754773451 -0.129144540274765 -0.31166751582126 0.0628302106197625 -0.0351819908359758
0.159564466874902 0.445198795612508 -0.129385787968451 -0.311999325602424 0.0632847956380176 -0.0348963326315886
0.160347986885395 0.44461391505461 -0.129621070225285 -0.312338763510504 0.063739340009115 -0.0346087574923602
0.161121317501118 0.444021239202184 -0.129850368293731 -0.312685724622331 0.0641937694941314 -0.0343192610103563
0.161884427661395 0.443420894503486 -0.130073664567907 -0.313040102668483 0.0646480097920398 -0.0340278390489017
0.16263728785012 0.442813007734029 -0.130290942588752 -0.313401790049654 0.0651019865510755 -0.0337344877437699
0.163379870096873 0.442197705978041 -0.130502187044965 -0.313770677853224 0.0655556253800933 -0.0334392035043054
0.164112147977819 0.441575116609925 -0.13070738377373 -0.314146655870045 0.0660088518599128 -0.033141983014479
0.164834096616363 0.440945367275749 -0.13090651976122 -0.314529612611418 0.0664615915546534 -0.0328428232338757
0.165545692683597 0.440308585874752 -0.131099583142885 -0.314919435326281 0.0669137700230525 -0.032541721398615
0.166246914398498 0.439664900540877 -0.131286563203517 -0.315316010018586 0.0673653128297704 -0.0322386750222036
0.16693774152791 0.439014439624326 -0.131467450377107 -0.315719221464874 0.067816145556676 -0.0319336818963205
0.167618155386299 0.438357331673157 -0.131642236246471 -0.316128953232043 0.0682661938141141 -0.0316267400915347
0.168288138835276 0.437693705414899 -0.131810913542665 -0.316545087695307 0.0687153832521514 -0.0313178479579549
0.168947676282889 0.43702368973821 -0.131973476144186 -0.316967506056337 0.0691636395718002 -0.0310070041258113
0.169596753682703 0.436347413674573 -0.132129919075947 -0.31739608836159 0.0696108885362178 -0.0306942075059706
0.170235358532633 0.435665006380028 -0.132280238508043 -0.317830713520818 0.0700570559818798 -0.0303794572903821
0.170863479873566 0.434976597116949 -0.132424431754297 -0.318271259325757 0.0705020678297261 -0.030062752952457
0.171481108287756 0.434282315235868 -0.132562497270587 -0.31871760246899 0.070945850096278 -0.0297440942473798
0.17208823589698 0.433582290157346 -0.132694434652962 -0.319169618562985 0.071388328904723 -0.0294234812123519
0.172684856360489 0.432876651353889 -0.132820244635544 -0.319627182159302 0.0718294304959694 -0.0291009141667681
0.173270964872716 0.432165528331925 -0.13293992908821 -0.320090166767964 0.0722690812396646 -0.0287763937123254
0.173846558160774 0.431449050613833 -0.133053491014059 -0.320558444877001 0.0727072076451792 -0.0284499207330646
0.174411634481722 0.430727347720029 -0.133160934546677 -0.321031887972149 0.0731437363725526 -0.0281214963953445
0.174966193619612 0.430000549151113 -0.133262264947172 -0.321510366556705 0.0735785942434007 -0.0277911221477495
0.175510236882313 0.429268784370078 -0.133357488601013 -0.321993750171544 0.0740117082517822 -0.0274587997209296
0.17604376709811 0.428532182784588 -0.133446613014644 -0.322481907415288 0.0744430055750234 -0.0271245311273739
0.176566788612094 0.42779087372932 -0.133529646811899 -0.322974705964616 0.0748724135844985 -0.026788318661118
0.177079307282312 0.427044986448375 -0.133606599730197 -0.323472012594734 0.0752998598563657 -0.0264501648973839
0.17758133047572 0.426294650077767 -0.133677482616535 -0.323973693199976 0.0757252721822554 -0.0261100726921548
0.178072867063898 0.425539993627983 -0.133742307423265 -0.32447961281455 0.0761485785799106 -0.0257680451816827
0.178553927418562 0.42478114596662 -0.133801087203676 -0.324989635633426 0.0765697073037773 -0.0254240857819314
0.179024523406851 0.424018235801104 -0.133853836107355 -0.325503625033349 0.0769885868555433 -0.0250781981879532
0.179484668386398 0.42325139166149 -0.133900569375353 -0.326021443593989 0.077405145994624 -0.0247303863732001
0.179934377200191 0.422480741883344 -0.13394130333514 -0.326542953119218 0.0778193137485939 -0.0243806545887708
0.180373666171216 0.421706414590717 -0.13397605539536 -0.327068014658509 0.0782310194235621 -0.0240290073625924
0.180802553096889 0.420928537679204 -0.134004844040386 -0.327596488528457 0.0786401926144899 -0.0236754494985373
0.181221057243273 0.420147238799091 -0.134027688824663 -0.328128234334423 0.0790467632154501 -0.0233199860754766
0.181629199339088 0.419362645338608 -0.134044610366864 -0.328663110992283 0.0794506614298254 -0.0229626224462694
0.182027001569506 0.418574884407259 -0.13405563034384 -0.329200976750301 0.0798518177804452 -0.0226033642366885
0.182414487569745 0.417784082819268 -0.134060771484371 -0.329741689211096 0.0802501631196587 -0.0222422173442829
0.182791682418446 0.416990367077113 -0.134060057562722 -0.330285105353726 0.080645628639344 -0.021879187937178
0.18315861263085 0.416193863355169 -0.134053513392008 -0.33083108155587 0.0810381458808504 -0.0215142824528124
0.183515306151769 0.41539469748345 -0.134041164817356 -0.331379473616103 0.0814276467448732 -0.0211475075966138
0.183861792348348 0.414592994931462 -0.134023038708883 -0.331930136776277 0.08181406350126 -0.0207788703406123
0.184198102002634 0.413788880792163 -0.133999162954477 -0.332482925743977 0.082197328798746 -0.0204083779219933
0.18452426730393 0.412982479766032 -0.133969566452391 -0.333037694715087 0.0825773756746185 -0.0200360378415886
0.184840321840963 0.412173916145256 -0.133934279103649 -0.333594297396419 0.0829541375643074 -0.0196618578623082
0.185146300593844 0.411363313798025 -0.13389333180426 -0.334152587028441 0.0833275483109023 -0.0192858460075117
0.18544223992583 0.410550796152948 -0.133846756437252 -0.334712416408069 0.0836975421745927 -0.0189080105593199
0.185728177574899 0.409736486183588 -0.133794585864521 -0.335273637911545 0.0840640538420324 -0.0185283600568682
0.186004152645121 0.408920506393117 -0.133736853918497 -0.33583610351738 0.0844270184356252 -0.0181469032945005
0.186270205597838 0.408102978799091 -0.133673595393627 -0.336399664829365 0.0847863715227301 -0.0177636493199064
0.18652637824266 0.407284024918357 -0.133604846037683 -0.336964173099646 0.0851420491247875 -0.0173786074322
0.186772713728257 0.406463765752078 -0.133530642542889 -0.337529479251866 0.0854939877263613 -0.0169917871799416
0.187009256532975 0.405642321770892 -0.133451022536874 -0.338095433904354 0.0858421242840991 -0.0166031983591039
0.187236052455262 0.404819812900201 -0.133366024573451 -0.338661887393377 0.0861863962356071 -0.0162128510109815
0.1874531486039 0.403996358505589 -0.133275688123223 -0.339228689796436 0.0865267415082396 -0.0158207554200455
0.18766059338807 0.403172077378378 -0.133180053564021 -0.339795690955612 0.086863098527801 -0.0154269221117433
0.187858436507215 0.402347087721318 -0.133079162171168 -0.340362740500957 0.0871954062271606 -0.015031361850244
0.188046728940744 0.401521507134414 -0.132973056107579 -0.340929687873917 0.0875236040547767 -0.0146340856361309
0.188225522937535 0.400695452600892 -0.1328617784137 -0.341496382350806 0.0878476319831318 -0.01423510470404
0.188394872005283 0.399869040473311 -0.132745372997278 -0.342062673066293 0.0881674305170751 -0.0138344305202475
0.188554830899655 0.399042386459806 -0.132623884622972 -0.342628409036937 0.0884829407020725 -0.0134320747802039
0.188705455613282 0.398215605610493 -0.132497358901806 -0.343193439184735 0.0887941041323632 -0.0130280494060189
0.188846803364579 0.397388812304002 -0.132365842280464 -0.3437576123607 0.0891008629590212 -0.0126223665438945
0.188978932586388 0.39656212023417 -0.132229382030427 -0.344320777368451 0.0894031598979206 -0.0122150385615087
0.189101902914462 0.395735642396876 -0.132088026236965 -0.344882782987823 0.0897009382376041 -0.0118060780453507
0.189215775175778 0.394909491077035 -0.131941823787967 -0.34544347799849 0.0899941418470539 -0.0113954977980064
0.189320611376688 0.394083777835732 -0.131790824362631 -0.346002711203587 0.0902827151833627 -0.0109833108353976
0.189416474690906 0.393258613497524 -0.131635078420002 -0.346560331453347 0.0905666032993053 -0.0105695303839734
0.189503429447338 0.392434108137884 -0.131474637187369 -0.347116187668731 0.0908457518508091 -0.010154169877855
0.189581541117751 0.391610371070812 -0.131309552648515 -0.347670128865063 0.0911201071043222 -0.00973724295593584
0.18965087630429 0.3907875108366 -0.131139877531832 -0.34822200417565 0.0913896159440793 -0.00931876345893597
0.189711502726832 0.389965635189752 -0.130965665298294 -0.348771662875398 0.0916542258792629 -0.00889874542641284
0.189763489210201 0.389144851087078 -0.130786970129293 -0.349318954404415 0.0919138850510603 -0.00847720309372832
0.189806905671222 0.388325264675932 -0.13060384691435 -0.349863728391593 0.092168542239615 -0.00805415088897352
0.189841823105632 0.387506981282633 -0.130416351238682 -0.350405834678173 0.092418146870871 -0.00762960342985132
0.189868313574846 0.386690105401033 -0.130224539370648 -0.350945123341287 0.0926626490233103 -0.00720357552051799
0.189886450192579 0.385874740681266 -0.13002846824907 -0.351481444717465 0.0929019994345818 -0.00677608214838477
0.189896307111322 0.385060989918654 -0.129828195470424 -0.352014649426125 0.0931361495080213 -0.00634713848087927
0.189897959508686 0.384248955042785 -0.129623779275911 -0.35254458839301 0.0933650513190616 -0.00591675986216887
0.189891483573604 0.383438737106764 -0.129415278538412 -0.353071112873606 0.093588657621532 -0.00548496180984574
0.189876956492401 0.382630436276631 -0.129202752749321 -0.353594074476504 0.0938069218538461 -0.00505176001157503
0.189854456434728 0.381824151820949 -0.128986262005266 -0.354113325186723 0.0940197981450781 -0.00461717032170648
0.18982406253937 0.381019982100573 -0.128765866994716 -0.354628717388985 0.0942272413209258 -0.00418120875785105
0.189785854899924 0.380218024558581 -0.128541628984483 -0.355140103890936 0.0944292069095596 -0.00374389149742239
0.18973991455035 0.379418375710395 -0.12831360980611 -0.355647337946311 0.0946256511473579 -0.00330523487414514
0.189686323450397 0.378621131134066 -0.128081871842161 -0.356150273278041 0.0948165309845273 -0.00286525537452975
0.189625164470918 0.377826385460739 -0.127846478012402 -0.356648764101299 0.0950018040906075 -0.00242396963431571
0.189556521379052 0.377034232365301 -0.127607491759889 -0.357142665146474 0.0951814288598588 -0.00198139443488338
0.189480478823298 0.376244764557202 -0.127364977036957 -0.357631831682085 0.0953553644165347 -0.00153754669963552
0.189397122318477 0.37545807377146 -0.127118998291108 -0.358116119537615 0.0955235706200347 -0.00109244349034947
0.189306538230573 0.374674250759841 -0.126869620450821 -0.358595385126267 0.0956860080699416 -0.00064610200350066
0.189208813761476 0.373893385282229 -0.126616908911258 -0.35906948546765 0.0958426381109378 -0.00019853956655874
0.189104036933609 0.37311556609817 -0.126360929519894 -0.35953827821037 0.0959934228376043 0.000250226365743465
0.188992296574456 0.372340880958605 -0.12610174856206 -0.360001621654543 0.0961383250990992 0.000700178215166409
0.188873682300988 0.371569416597781 -0.125839432746398 -0.360459374774214 0.0962773085037162 0.0011512982837456
0.188748284503985 0.370801258725353 -0.125574049190254 -0.360911397239685 0.0964103374233224 0.00160356875759708
0.188616194332266 0.370036492018667 -0.125305665404973 -0.361357549439742 0.0965373769976754 0.00205697171074622
0.188477503676822 0.369275200115225 -0.125034349281144 -0.361797692503789 0.0966583931386185 0.00251148910897863
0.188332305154858 0.368517465605349 -0.124760169073753 -0.362231688323871 0.0967733525341539 0.00296710281371236
0.188180692093747 0.367763370025016 -0.124483193387288 -0.362659399576599 0.0968822226523944 0.00342379458589045
0.188022758514891 0.367012993848892 -0.124203491160762 -0.363080689744954 0.096984971745391 0.00388154608989257
0.187858599117507 0.366266416483551 -0.123921131652686 -0.363495423139988 0.0970815688528387 0.00434033889746567
0.187688309262324 0.365523716260878 -0.123636184425977 -0.363903464922401 0.0971719838056579 0.00480015449167156
0.187511984955201 0.364784970431666 -0.123348719332812 -0.364304681124009 0.0972561872294531 0.00526097427085139
0.187329722830674 0.364050255159402 -0.123058806499421 -0.36469893866907 0.0973341505478468 0.00572277955260551
0.187141620135421 0.36331964551424 -0.122766516310844 -0.365086105395509 0.0974058459856889 0.00618555157778826
0.186947774711664 0.362593215467165 -0.122471919395622 -0.365466050075987 0.0974712465721425 0.00664927151451599
0.186748284980496 0.361871037884349 -0.122175086610458 -0.365838642438861 0.0975303261436437 0.00711392046218821
0.186543249925141 0.361153184521697 -0.121876089024821 -0.366203753188995 0.0975830593467376 0.00757947945552024
0.186332769074157 0.360439726019582 -0.121574997905526 -0.36656125402843 0.0976294216407878 0.00804592946858684
0.186116942484571 0.359730731897772 -0.121271884701262 -0.366911017676927 0.0976693893005613 0.00851325141887532
0.18589587072496 0.359026270550551 -0.120966821027099 -0.367252917892346 0.0977029394186879 0.00898142617134788
0.185669654858471 0.35832640924203 -0.120659878648952 -0.367586829490893 0.0977300499079928 0.00945043454251154
0.185438396425797 0.357631214101648 -0.120351129468027 -0.367912628367207 0.0977506995037052 0.009920257304495
0.185202197428094 0.356940750119865 -0.120040645505232 -0.368230191514295 0.0977648677655389 0.0103908751891314
0.184961160309852 0.356255081144051 -0.119728498885577 -0.368539397043308 0.0977725350796482 0.0108622688920463
0.184715387941725 0.355574269874562 -0.119414761822541 -0.368840124203163 0.0977736826604574 0.0113344190767488
0.184464983603314 0.354898377861011 -0.119099506602433 -0.369132253399998 0.0977682925523642 0.0118073063787267
0.18421005096591 0.354227465498729 -0.118782805568731 -0.369415666216457 0.0977563476313166 0.0122809114095426
0.183950694075208 0.35356159202542 -0.118464731106418 -0.369690245430812 0.0977378316062637 0.0127552147609321
0.183687017333973 0.352900815518008 -0.118145355626302 -0.369955875035916 0.0977127290204812 0.0132301970089004
0.183419125484685 0.35224519288967 -0.117824751549337 -0.370212440257969 0.0976810252527695 0.0137058387178199
0.183147123592153 0.351594779887073 -0.117502991290934 -0.370459827575121 0.0976427065185266 0.0141821204445243
0.182871117026098 0.350949631087787 -0.117180147245282 -0.370697924735887 0.0975977598706946 0.0146590227424
0.182591211443718 0.350309799897902 -0.116856291769666 -0.370926620777378 0.0975461732005811 0.0151365261654744
0.18230751277223 0.349675338549829 -0.11653149716879 -0.371145806043352 0.0974879352385533 0.0156146112724986
0.182020127191391 0.349046298100296 -0.116205835679116 -0.371355372202074 0.0974230355546082 0.0160932586310238
0.181729161116006 0.348422728428531 -0.115879379453207 -0.371555212263979 0.0973514645588161 0.016572448821472
0.181434721178427 0.347804678234638 -0.115552200544093 -0.371745220599153 0.0972732135016395 0.0170521624411973
0.181136914211032 0.34719219503816 -0.115224370889644 -0.37192529295461 0.0971882744741262 0.0175323801085403
0.180835847228708 0.346585325176837 -0.114895962296976 -0.372095326471367 0.0970966404079783 0.0180130824668705
0.180531627411319 0.345984113805547 -0.114567046426874 -0.372255219701329 0.0969983050754959 0.0184942501886195
0.18022436208618 0.345388604895439 -0.114237694778236 -0.372404872623958 0.0968932630893966 0.0189758639793016
0.179914158710526 0.344798841233252 -0.113907978672561 -0.37254418666274 0.0967815099025111 0.0194579045815223
0.179601124853988 0.344214864420829 -0.113577969238453 -0.372673064701448 0.0966630418073544 0.0199403527789723
0.179285368181072 0.343636714874805 -0.113247737396172 -0.372791411100185 0.0965378559355737 0.0204231894004073
0.17896699643365 0.343064431826496 -0.112917353842214 -0.372899131711217 0.0964059502572736 0.0209063953236121
0.178646117413461 0.342498053321965 -0.112586889033942 -0.372996133894592 0.0962673235802172 0.0213899514793477
0.178322838964624 0.341937616222279 -0.112256413174247 -0.373082326533538 0.0961219755489059 0.0218738388552819
0.17799726895617 0.341383156203944 -0.111925996196267 -0.373157620049638 0.0959699066435365 0.0223580384998994
0.177669515264594 0.340834707759532 -0.111595707748153 -0.373221926417787 0.0958111181788364 0.0228425315263946
0.177339685756429 0.340292304198488 -0.111265617177877 -0.37327515918092 0.0956456123027777 0.0233272991165425
0.177007888270841 0.339755977648121 -0.110935793518112 -0.373317233464511 0.0954733919951708 0.0238123225245487
0.176674230602257 0.339225759054777 -0.110606305471153 -0.373348065990847 0.0952944610661366 0.024297583080877
0.17633882048302 0.338701678185189 -0.110277221393911 -0.373367575093067 0.0951088241544597 0.0247830621960538
0.176001765566076 0.338183763628017 -0.109948609282959 -0.373375680728967 0.0949164867258217 0.0252687413644483
0.175663173407697 0.337672042795563 -0.109620536759656 -0.373372304494566 0.0947174550709155 0.0257546021680273
0.175323151450247 0.337166541925657 -0.109293071055329 -0.373357369637444 0.0945117363034413 0.0262406262800848
0.174981807004979 0.336667286083741 -0.108966278996531 -0.373330801069825 0.0942993383579848 0.026726795468943
0.174639247234884 0.336174299165106 -0.108640226990378 -0.373292525381432 0.0940802699877778 0.0272130916016274
0.174295579137578 0.335687603897326 -0.108314981009949 -0.373242470852088 0.0938545407623423 0.0276994966475115
0.173950909528249 0.335207221842857 -0.107990606579784 -0.373180567464076 0.0936221610650183 0.0281859926819329
0.173605345022639 0.334733173401808 -0.107667168761448 -0.37310674691425 0.0933831420903763 0.028672561889778
0.173258992020097 0.334265477814896 -0.10734473213919 -0.373020942625894 0.0931374958415146 0.0291591865690356
0.172911956686673 0.333804153166563 -0.107023360805685 -0.372923089760335 0.0928852351272425 0.0296458491343185
0.172564344938281 0.33334921638827 -0.10670311834787 -0.372813125228299 0.0926263735591502 0.030132532120351
0.172216262423918 0.332900683261962 -0.106384067832866 -0.37269098770101 0.0923609255485649 0.030619218185423
0.171867814508948 0.332458568423694 -0.106066271794007 -0.372556617621039 0.0920889063033959 0.0311058901148088
0.171519106258457 0.332022885367436 -0.105749792216952 -0.372409957212887 0.0918103318248671 0.0315925308241502
0.171170242420667 0.331593646449041 -0.105434690525915 -0.372250950493319 0.0915252189041398 0.0320791233628031
0.170821327410431 0.331170862890372 -0.105121027569982 -0.37207954328142 0.0912335851188244 0.0325656509171457
0.170472465292796 0.330754544783605 -0.104808863609545 -0.371895683208408 0.0909354488293834 0.0330520968138495
0.170123759766646 0.330344701095687 -0.104498258302841 -0.371699319727167 0.0906308291754265 0.0335384445231104
0.169775314148419 0.329941339672958 -0.104189270692601 -0.371490404121524 0.0903197460718966 0.0340246776618401
0.169427231355914 0.329544467245937 -0.103881959192811 -0.371268889515251 0.0900022202051503 0.0345107799968162
0.16907961389217 0.329154089434262 -0.103576381575594 -0.371034730880804 0.0896782730289315 0.0349967354477912
0.168732563829439 0.328770210751793 -0.103272594958205 -0.370787885047796 0.0893479267602405 0.0354825280905589
0.16838618279325 0.328392834611871 -0.102970655790154 -0.370528310711186 0.0890112043750975 0.0359681421599774
0.168040571946551 0.328021963332729 -0.102670619840439 -0.370255968439206 0.0886681296042047 0.0364535620529483
0.167695831973961 0.327657598143062 -0.10237254218492 -0.369970820681017 0.0883187269285033 0.0369387723313512
0.167352063066105 0.327299739187749 -0.102076477193813 -0.369672831774079 0.0879630215746312 0.0374237577249322
0.167009364904051 0.326948385533719 -0.101782478519312 -0.369361967951254 0.0876010395102778 0.0379085031341468
0.166667836643852 0.326603535175979 -0.101490599083352 -0.369038197347631 0.0872328074394408 0.0383929936329551
0.166327576901179 0.326265185043782 -0.101200891065496 -0.368701490007073 0.0868583527975825 0.0388772144715698
0.165988683736074 0.325933331006944 -0.100913405890974 -0.368351817888479 0.0864777037466894 0.0393611510791554
0.165651254637796 0.325607967882306 -0.100628194218843 -0.367989154871779 0.0860908891702341 0.0398447890664782
0.165315386509787 0.325289089440341 -0.100345305930308 -0.367613476763633 0.0856979386680414 0.0403281142285064
0.164981175654741 0.324976688411905 -0.100064790117171 -0.367224761302865 0.0852988825510592 0.0408111125469597
0.164648717759797 0.324670756495123 -0.0997866950704372 -0.366822988165598 0.084893751836036 0.0412937701928078
0.164318107881834 0.324371284362421 -0.0995110682690634 -0.36640813897012 0.0844825782401046 0.0417760735287159
0.1639894404329 0.324078261667692 -0.0992379563688603 -0.365980197281455 0.0840653941752744 0.0422580091114396
0.16366280916575 0.323791677053597 -0.0989674051915452 -0.365539148615661 0.0836422327428328 0.0427395636941638
0.163338307159512 0.323511518159004 -0.098699459713951 -0.365084980443828 0.0832131277276566 0.0432207242287906
0.163016026805473 0.323237771626558 -0.0984341640573911 -0.364617682195809 0.0827781135924345 0.0437014778681697
0.162696059792997 0.32297042311038 -0.0981715614771833 -0.364137245263643 0.0823372254718023 0.0441818119682765
0.16237849709557 0.322709457283896 -0.0979116943523353 -0.363643663004714 0.0818904991663914 0.044661714090332
0.162063428956972 0.322454857847801 -0.097654604175392 -0.363136930744601 0.0814379711367916 0.0451411720028677
0.161750944877588 0.322206607538135 -0.0974003315424481 -0.362617045779658 0.0809796784974296 0.0456201736837331
0.161441133600851 0.321964688134497 -0.0971489161433273 -0.362084007379293 0.0805156590103649 0.0460987073220456
0.161134083099819 0.321729080468373 -0.0969003967519308 -0.361537816787967 0.0800459510790027 0.0465767613200827
0.160829880563899 0.321499764431585 -0.0966548112167547 -0.3609784772269 0.0795705937417261 0.0470543242951144
0.160528612385699 0.321276718984865 -0.0964121964515818 -0.360405993895489 0.0790896266654492 0.0475313850811779
0.160230364148037 0.32105992216654 -0.0961725884263458 -0.359820373972435 0.0786030901390912 0.0480079327307917
0.159935220611084 0.320849351101334 -0.0959360221581722 -0.359221626616585 0.0781110250669722 0.0484839565166094
0.159643265699659 0.320644982009285 -0.0957025317025972 -0.358609762967481 0.0776134729621347 0.0489594459330128
0.159354582490668 0.320446790214772 -0.0954721501449654 -0.357984796145616 0.0771104759395883 0.049434390697644
0.159069253200701 0.320254750155649 -0.0952449095920086 -0.357346741252411 0.0766020767094814 0.0499087807528759
0.158787359173767 0.320068835392496 -0.0950208411636081 -0.356695615369889 0.0760883185702005 0.0503826062672196
0.15850897331161 0.319889004295798 -0.0947999721953548 -0.356031574934048 0.075569319091778 0.0508558174222521
0.158234137220234 0.319715157793675 -0.0945823179035746 -0.355355322018797 0.0750454878678378 0.0513282055152326
0.157962883586386 0.319547183574003 -0.0943678898247519 -0.35466768204835 0.0745172996748908 0.0517995266374263
0.157695243704072 0.319384970577016 -0.0941566986225883 -0.353969465069104 0.073985220018164 0.0522695422853663
0.157431247486876 0.319228408988738 -0.0939487540962084 -0.353261465860376 0.0734497051996043 0.0527380193194173
0.157170923480271 0.319077390234425 -0.0937440651883664 -0.352544464045129 0.0729112023858817 0.0532047299223385
0.156914298873945 0.318931806971995 -0.0935426399936515 -0.351819224200698 0.0723701496763929 0.0536694515578474
0.156661399514115 0.318791553085469 -0.0933444857666947 -0.351086495969527 0.0718269761712645 0.0541319669291827
0.156412249915844 0.318656523678402 -0.0931496089303743 -0.350347014169894 0.0712821020393569 0.0545920639376681
0.156166873275363 0.318526615067321 -0.0929580150840225 -0.349601498906639 0.0707359385862673 0.0550495356412752
0.155925291482385 0.318401724775165 -0.0927697090116308 -0.348850655681898 0.0701888883223332 0.0555041802131871
0.155687525132422 0.318281751524712 -0.092584694690057 -0.34809517550583 0.0696413450306361 0.0559558009003617
0.155453593539109 0.318166595232026 -0.0924029752972303 -0.347335735007346 0.0690936938350047 0.0564042059820949
0.155223514746516 0.318056156999882 -0.0922245532203582 -0.346572996544839 0.0685463112680186 0.0568492087285843
0.154997305541468 0.317950339111209 -0.0920494300641321 -0.345807608316917 0.0679995653390112 0.0572906273594922
0.154774981465864 0.317849045022524 -0.0918776066589335 -0.345040204473124 0.0674538156020738 0.0577282850025089
0.154556556828991 0.317752179357369 -0.0917090830690401 -0.34427140522468 0.0669094132240587 0.0581620096519163
0.154342044719848 0.317659647899744 -0.091543858600832 -0.343501816955203 0.0663667010525828 0.0585916341271513
0.154131457019459 0.317571357587545 -0.0913819318109975 -0.342732032331442 0.0658260136840306 0.0590169960313686
0.153924804413193 0.317487216506 -0.0912233005147396 -0.341962630414005 0.0652876775315583 0.0594379377100046
0.153722096403081 0.317407133881105 -0.0910679617939815 -0.341194176768089 0.0647520108930968 0.0598543062093407
0.153523341320136 0.317331020073059 -0.0909159120055734 -0.340427223574211 0.0642193240193553 0.0602659532350662
0.153328546336666 0.317258786569701 -0.0907671467894979 -0.339662309738933 0.0636899191818247 0.0606727351108422
0.153137717478599 0.317190345979945 -0.0906216610770764 -0.338899961005599 0.0631640907407809 0.0610745127368644
0.152950859637795 0.317125612027216 -0.0904794490991754 -0.338140690065058 0.0626421252132886 0.061471151548427
0.152767976584366 0.317064499542887 -0.0903405043944122 -0.337384996666394 0.0621243013412046 0.0618625214744856
0.152589070978994 0.317006924459714 -0.0902048198173611 -0.336633367727662 0.0616108901591808 0.0622484968962206
0.152414144385251 0.316952803805271 -0.0900723875467596 -0.335886277446607 0.0611021550626683 0.0626289566056007
0.152243197281912 0.316902055695389 -0.0899431990937143 -0.335144187411406 0.0605983518759205 0.0630037837639465
0.152076229075277 0.31685459932759 -0.0898172453099071 -0.334407546711384 0.0600997289199967 0.063372865860493
0.151913238111488 0.31681035497452 -0.0896945163958013 -0.333676792047757 0.0596065270807653 0.0637360946709537
0.151754221688846 0.316769243977391 -0.0895750019088478 -0.33295234784435 0.0591189798769074 0.0640933662160838
0.15159917607013 0.316731188739412 -0.0894586907716906 -0.332234626358335 0.0586373135279202 0.0644445807202434
0.151448096494913 0.316696112719228 -0.0893455712803738 -0.331524027790954 0.0581617470221206 0.0647896425699606
0.151300977191883 0.316663940424354 -0.0892356311125469 -0.330820940398255 0.0576924921846485 0.0651284602724956
0.151157811391158 0.316634597404611 -0.0891288573356712 -0.330125740601815 0.0572297537454701 0.0654609464144031
0.151018591336607 0.316608010245563 -0.0890252364152259 -0.329438793099474 0.0567737294073816 0.0657870176200965
0.150883308298163 0.316584106561953 -0.0889247542229142 -0.328760450976064 0.0563246099140126 0.0661065945104106
0.150751952584148 0.316562814991139 -0.0888273960448693 -0.328091055814138 0.0558825791178293 0.0664196016611651
0.150624513553582 0.316544065186527 -0.0887331465898603 -0.327430937804697 0.0554478140481383 0.0667259675617284
0.150500979628511 0.31652778781101 -0.0886419899974989 -0.326780415857923 0.0550204849790898 0.0670256245735803
0.150381338306316 0.316513914530405 -0.0885539098464447 -0.326139797713909 0.0546007554976811 0.0673185088888756
0.150265576172036 0.316502378006885 -0.0884688891626118 -0.325509380053385 0.05418878257176 0.0676045604890076
0.150153678910685 0.316493111892418 -0.0883869104273748 -0.324889448608449 0.0537847166180285 0.067883723103171
0.150045631319568 0.316486050822202 -0.0883079555857746 -0.3242802782733 0.0533887015700457 0.0681559441669261
0.149941417320602 0.316481130408101 -0.0882320060547251 -0.32368213321496 0.0530008749462319 0.0684211747807609
0.149841019972632 0.316478287232081 -0.0881590427312183 -0.323095266984013 0.0526213679178716 0.0686793696686556
0.149744421483749 0.316477458839644 -0.0880890460005315 -0.322519922625325 0.0522503053771169 0.0689304871366452
0.149651603223607 0.316478583733267 -0.0880219957444327 -0.321956332788782 0.0518878060049913 0.0691744890313832
0.149562545735744 0.316481601365839 -0.0879578713493867 -0.321404719840013 0.0515339823393929 0.0694113406987049
0.149477228749897 0.31648645213409 -0.0878966517147614 -0.320865295971124 0.0511889408430978 0.0696410109421906
0.149395631194322 0.316493077372034 -0.0878383152610338 -0.320338263311424 0.0508527819717638 0.0698634719817289
0.149317731208108 0.316501419344404 -0.087782839937996 -0.319823814038157 0.0505256002419336 0.0700786994120804
0.149243506153501 0.316511421240082 -0.0877302032329616 -0.319322130487232 0.0502074842990383 0.0702866721614407
0.149172932628217 0.316523027165544 -0.0876803821789714 -0.31883338526395 0.0498985169854007 0.0704873724500038
0.149105986477762 0.316536182138288 -0.0876333533629994 -0.318357741353735 0.0495987754082391 0.0706807857485255
0.14904264280775 0.316550832080275 -0.0875890929341595 -0.317895352232863 0.0493083310076706 0.0708669007368868
0.148982875996219 0.316566923811362 -0.0875475766119111 -0.317446361979194 0.0490272496247143 0.0710457092626571
0.148926659705951 0.316584405042739 -0.0875087796942649 -0.317010905382898 0.048755591569295 0.0712172062996576
0.14887396689679 0.316603224370366 -0.0874726770659899 -0.316589108057185 0.0484934116882465 0.0713813899065247
0.148824769837958 0.316623331268408 -0.0874392432068187 -0.316181086549037 0.0482407594333153 0.0715382611852733
0.148779040120375 0.316644676082668 -0.0874084521996537 -0.315786948449936 0.0479976789291636 0.07168782423986
0.148736748668975 0.316667210024029 -0.0873802777387735 -0.315406792506594 0.0477642090413732 0.0718300861347468
0.148697865755027 0.316690885161885 -0.0873546931380388 -0.315040708731681 0.0475403834444486 0.071965056853464
0.148662361008449 0.316715654417581 -0.0873316713390982 -0.314688778514557 0.0473262306898207 0.0720927492571738
0.148630203430127 0.316741471557842 -0.0873111849195949 -0.314351074731998 0.04712177427385 0.0722131790432336
0.148601361404236 0.316768291188218 -0.0872932061013722 -0.314027661858931 0.0469270327058302 0.0723263647037596
0.148575802710553 0.316796068746513 -0.08727770675868 -0.313718596079159 0.0467420195759917 0.0724323274841893
0.148553494536781 0.316824760496225 -0.0872646584263805 -0.313423925396089 0.0465667436235048 0.0725310913418461
0.14853440349086 0.316854323519977 -0.0872540323081547 -0.31314368974347 0.0464012088044834 0.0726226829045014
0.14851849561329 0.31688471571296 -0.0872457992847081 -0.312877921096112 0.0462454143599883 0.0727071314289389
0.148505736389446 0.316915895776364 -0.0872399299219771 -0.312626643580622 0.0460993548840307 0.0727844687595171
0.1484960907619 0.316947823210814 -0.0872363944793347 -0.312389873586134 0.0459630203915755 0.0728547292867336
0.148489523142733 0.316980458309807 -0.087235162917797 -0.312167619875034 0.0458363963865449 0.0729179499057876
0.148485997425857 0.31701376215315 -0.0872362049082292 -0.311959883693693 0.045719463929822 0.0729741699751437
0.148485476999333 0.317047696600391 -0.0872394898395513 -0.311766658883196 0.0456121997072538 0.0730234312750948
0.148487924757686 0.317082224284261 -0.0872449868269447 -0.311587931990069 0.045514576097655 0.0730657779663263
0.148493303114226 0.317117308604104 -0.0872526647200579 -0.311423682377015 0.0454265612408112 0.0731012565484783
0.148501574013365 0.317152913719316 -0.0872624921112128 -0.311273882333634 0.0453481191054827 0.07312991581871
0.148512698942933 0.317189004542783 -0.0872744373436107 -0.311138497187163 0.0452792095574075 0.0731518068302624
0.1485266389465 0.317225546734312 -0.0872884685195383 -0.311017485413196 0.045219788427305 0.0731669828510216
0.148543354635689 0.317262506694071 -0.0873045535085742 -0.310910798746419 0.0451698075788796 0.0731754993220827
0.148562806202497 0.317299851556022 -0.0873226599557942 -0.31081838229134 0.0451292149768236 0.0731774138163125
0.148584953431613 0.317337549181359 -0.0873427552899782 -0.310740174633016 0.0450979547548212 0.0731727859969135
0.148609755712734 0.317375568151943 -0.0873648067318158 -0.310676107947782 0.0450759672835517 0.0731616775759863
0.148637172052886 0.317413877763739 -0.0873887813021124 -0.310626108113984 0.045063189238693 0.0731441522730941
0.148667161088739 0.317452448020251 -0.0874146458299955 -0.310590094822706 0.0450595536689248 0.0731202757738252
0.148699681098924 0.317491249625958 -0.0874423669611208 -0.310567981688498 0.0450649900639324 0.0730901156883565
0.148734690016356 0.317530253979749 -0.087471911165878 -0.310559676360112 0.0450794244224101 0.0730537415100172
0.148772145440547 0.31756943316836 -0.0875032447475969 -0.310565080631222 0.0451027793200644 0.0730112245738516
0.148812004649927 0.317608759959812 -0.087536333850754 -0.310584090551163 0.0451349739776175 0.0729626380151829
0.148854224614158 0.317648207796842 -0.0875711444691778 -0.310616596535652 0.045175924328811 0.0729080567281764
0.148898762006457 0.317687750790344 -0.0876076424542557 -0.310662483477527 0.0452255430884091 0.0728475573244025
0.148945573215911 0.317727363712801 -0.0876457935231392 -0.310721630857466 0.045283739820202 0.0727812180914008
0.148994614359794 0.317767021991723 -0.0876855632669508 -0.310793912854724 0.0453504210050096 0.0727091189512426
0.149045841295888 0.317806701703083 -0.0877269171589897 -0.310879198457862 0.0454254901086847 0.0726313414190948
0.149099209634799 0.317846379564753 -0.0877698205629377 -0.310977351575472 0.0455088476501165 0.0725479685617831
0.149154674752273 0.317886032929938 -0.0878142387410658 -0.311088231146911 0.0456003912692341 0.0724590849563552
0.149212191801519 0.317925639780613 -0.0878601368624397 -0.31121169125303 0.04570001579501 0.0723647766486444
0.149271715725521 0.317965178720962 -0.0879074800111264 -0.311347581226899 0.0458076133134634 0.0722651311118325
0.149333201269362 0.318004628970807 -0.0879562331943999 -0.311495745764543 0.0459230732356635 0.0721602372050137
0.149396602992536 0.318043970359053 -0.0880063613509474 -0.311656025035668 0.0460462823657336 0.0720501851317576
0.14946187528127 0.318083183317115 -0.0880578293590756 -0.31182825479439 0.0461771249688536 0.0719350663986727
0.149528972360841 0.31812224887236 -0.0881106020449164 -0.312012266489967 0.0463154828392642 0.0718149737739695
0.149597848307892 0.318161148641539 -0.0881646441906333 -0.312207887377527 0.04646123536827 0.071690001246024
0.149668457062753 0.318199864824228 -0.0882199205426273 -0.312414940628797 0.0466142596122429 0.0715602439819411
0.149740752441757 0.318238380196259 -0.0882763958197431 -0.312633245442833 0.046774430360626 0.071425798286118
0.149814688149558 0.318276678103156 -0.0883340347214751 -0.312862617156751 0.0469416202039363 0.0712867615588071
0.149890217791448 0.318314742453575 -0.0883928019361734 -0.313102867356454 0.0471156996017686 0.07114323225468
0.149967294885679 0.318352557712738 -0.0884526621492501 -0.313353803987364 0.0472965369507992 0.0709953098413903
0.150045872875775 0.318390108895866 -0.0885135800513854 -0.313615231465149 0.0474839986527886 0.0708430947581372
0.150125905142855 0.31842738156162 -0.0885755203467333 -0.313886950786456 0.0476779491825857 0.0706866883742287
0.150207345017948 0.318464361805532 -0.088638447761128 -0.314168759639636 0.0478782511561306 0.0705261929476452
0.150290145794312 0.318501036253445 -0.0887023270502902 -0.314460452515477 0.0480847653984586 0.0703617115836025
0.150374260739751 0.318537392054947 -0.0887671230080325 -0.314761820817934 0.0482973510117033 0.0701933481931155
0.150459643108936 0.318573416876807 -0.0888328004744661 -0.315072652974855 0.0485158654431002 0.070021207451561
0.150546246155717 0.31860909889641 -0.0888993243442068 -0.315392734548714 0.0487401645529897 0.0698453947572418
0.150634023145446 0.318644426795196 -0.0889666595745805 -0.315721848347337 0.0489701026828216 0.0696660161899493
0.150722927367296 0.318679389752093 -0.0890347711938303 -0.316059774534637 0.0492055327231573 0.0694831784695273
0.150812912146571 0.318713977436953 -0.0891036243093216 -0.316406290741338 0.0494463061816739 0.0692969889144353
0.150903930857034 0.31874818000399 -0.0891731841157488 -0.316761172175706 0.0496922732511677 0.0691075554003117
0.150995936933218 0.318781988085215 -0.0892434159033412 -0.317124191734281 0.0499432828775575 0.068914986318537
0.151088883882745 0.31881539278387 -0.0893142850660689 -0.317495120112605 0.0501991828278877 0.0687193905347976
0.151182725298647 0.318848385667868 -0.0893857571098491 -0.31787372591595 0.0504598197583325 0.0685208773476488
0.151277414871682 0.318880958763224 -0.0894577976607523 -0.318259775770049 0.0507250392821987 0.0683195564470781
0.151372906402649 0.318913104547496 -0.089530372473208 -0.318653034431826 0.0509946860379292 0.0681155378730688
0.151469153814712 0.318944815943216 -0.0896034474382112 -0.319053264900126 0.051268603757107 0.0679089319741631
0.151566111165712 0.31897608631133 -0.089676988591528 -0.319460228526442 0.0515466353324578 0.0676998493660256
0.15166373266049 0.319006909444633 -0.0897509621219023 -0.319873685125645 0.0518286228858542 0.0674884008900065
0.151761972663199 0.319037279561201 -0.0898253343792612 -0.320293393086717 0.0521144078363187 0.0672746975717052
0.15186078570963 0.319067191297833 -0.0899000718829218 -0.320719109483477 0.0524038309680272 0.0670588505795333
0.151960126519522 0.319096639703484 -0.0899751413297965 -0.321150590185312 0.0526967324983126 0.066840971183278
0.152059950008884 0.3191256202327 -0.0900505096025999 -0.321587589967906 0.0529929521456681 0.0666211707126659
0.152160211302311 0.319154128739054 -0.0901261437780542 -0.322029862623969 0.0532923291977509 0.0663995605159257
0.152260865745306 0.319182161468585 -0.0902020111350955 -0.322477161073968 0.053594702579385 0.0661762519183519
0.152361868916591 0.319209715053231 -0.0902780791630802 -0.322929237476856 0.0538999109205655 0.065951356180868
0.152463176640433 0.319236786504265 -0.0903543155699907 -0.3233858433408 0.0542077926244613 0.06572498445859
0.152564744998956 0.319263373205733 -0.0904306882906416 -0.323846729633914 0.0545181859354192 0.0654972477593897
0.152666530344458 0.319289472907887 -0.0905071654948858 -0.324311646894985 0.0548309290069666 0.0652682569024579
0.152768489311737 0.319315083720624 -0.0905837155958205 -0.324780345344204 0.0551458599698158 0.0650381224768679
0.152870578830399 0.31934020410692 -0.0906603072579934 -0.325252574993896 0.0554628169998665 0.0648069548001385
0.152972756137183 0.319364832876266 -0.0907369094056088 -0.325728085759248 0.0557816383862101 0.064574863876798
0.153074978788274 0.319388969178104 -0.0908134912307336 -0.32620662756904 0.0561021625991326 0.0643419593569471
0.153177204671627 0.319412612495266 -0.0908900222015034 -0.326687950476375 0.0564242283581184 0.0641083504948219
0.153279392019278 0.319435762637402 -0.0909664720703283 -0.327171804769407 0.0567476746998532 0.0638741461073582
0.153381499419666 0.319458419734427 -0.0910428108820999 -0.32765794108207 0.0570723410462281 0.0636394545327539
0.153483485829951 0.319480584229946 -0.0911190089823961 -0.32814611050481 0.0573980672723427 0.0634043835890327
0.153585310588329 0.319502256874699 -0.0911950370256881 -0.328636064695314 0.0577246937745085 0.0631690405326077
0.153686933426353 0.319523438719991 -0.0912708659835464 -0.329127555989237 0.0580520615382525 0.0629335320168444
0.153788314481252 0.319544131111128 -0.0913464671528463 -0.329620337510934 0.0583800122063203 0.0626979640506241
0.153889414308242 0.319564335680859 -0.0914218121639747 -0.330114163284189 0.0587083881466804 0.0624624419569072
0.153990193892853 0.319584054342805 -0.0914968729890358 -0.330608788342944 0.0590370325205265 0.0622270703312968
0.15409061466324 0.319603289284898 -0.0915716219500572 -0.331103968842029 0.0593657893502816 0.0619919530006018
0.154190638502505 0.319622042962816 -0.0916460317271959 -0.331599462167892 0.0596945035876016 0.0617571929814003
0.154290227761011 0.319640318093422 -0.0917200753669447 -0.332095027049327 0.0600230211813781 0.061522892438603
0.154389345268705 0.319658117648194 -0.0917937262903381 -0.332590423668206 0.0603511891457427 0.0612891526440163
0.154487954347433 0.319675444846667 -0.0918669583011583 -0.333085413770204 0.0606788556280694 0.0610560739349061
0.154586018823256 0.319692303149865 -0.0919397455941412 -0.333579760775536 0.061005869976979 0.0608237556725607
0.154683503038771 0.319708696253739 -0.092012062763183 -0.334073229889679 0.061332082810342 0.0605922962008542
0.15478037186543 0.319724628082603 -0.0920838848095456 -0.334565588214105 0.0616573460832824 0.0603617928048103
0.154876590715853 0.319740102782565 -0.0921551871500632 -0.335056604857011 0.0619815131561804 0.060132341669165
0.15497212555615 0.319755124714973 -0.0922259456253481 -0.335546051044047 0.062304438862677 0.0599040378369302
0.155066942918238 0.31976969844984 -0.0922961365079969 -0.336033700229048 0.0626259795776766 0.0596769751679574
0.155161009912159 0.319783828759288 -0.0923657365107966 -0.336519328204758 0.0629459932853503 0.0594512462975004
0.155254294238395 0.319797520610979 -0.0924347227949305 -0.337002713213569 0.0632643396471403 0.0592269425947791
0.155346764200193 0.319810779161553 -0.0925030729781846 -0.337483636058239 0.0635808800697623 0.0590041541215427
0.155438388715874 0.319823609750066 -0.0925707651431533 -0.337961880212631 0.0638954777732096 0.0587829695906329
0.155529137331157 0.319836017891421 -0.092637777845446 -0.338437231932438 0.0642079978587561 0.0585634763245476
0.155618980231477 0.319848009269806 -0.0927040901218924 -0.338909480365914 0.0645183073769604 0.0583457602140039
0.155707888254298 0.319859589732134 -0.0927696814987494 -0.339378417664602 0.0648262753956683 0.0581299056765015
0.155795832901436 0.319870765281472 -0.0928345319999067 -0.339843839094065 0.0651317730680171 0.0579159956148862
0.155882786351374 0.319881542070482 -0.0928986221550933 -0.340305543144616 0.0654346737004385 0.0577041113759132
0.155968721471582 0.319891926394855 -0.0929619330080828 -0.340763331642045 0.0657348528206623 0.0574943327088102
0.156053611830834 0.319901924686747 -0.0930244461249003 -0.341217009858352 0.06603218824572 0.0572867377238411
0.156137431711523 0.319911543508216 -0.0930861436020281 -0.341666386622472 0.0663265601499477 0.0570814028508691
0.156220156121985 0.319920789544656 -0.0931470080746118 -0.342111274431011 0.0666178511329901 0.05687840279792
0.156301760808812 0.319929669598235 -0.0932070227246666 -0.342551489558968 0.0669059462878035 0.0566778105097459
0.156382222269172 0.319938190581328 -0.0932661712892831 -0.342986852170471 0.0671907332686595 0.056479697126388
0.156461517763125 0.319946359509958 -0.0933244380688333 -0.343417186429502 0.0674721023591485 0.0562841319417406
0.156539625325944 0.319954183497226 -0.0933818079351772 -0.343842320610631 0.067749946540183 0.0560911823621136
0.15661652378043 0.319961669746751 -0.0934382663398684 -0.344262087209739 0.0680241615580012 0.0559009138647968
0.156692192749233 0.319968825546106 -0.0934937993223603 -0.344676323054755 0.0682946459921698 0.0557133899566223
0.156766612667166 0.319975658260249 -0.0935483935182123 -0.34508486941638 0.0685613013235887 0.0555286721325287
0.156839764793526 0.319982175324966 -0.0936020361672958 -0.34548757211882 0.0688240320024931 0.0553468198341237
0.156911631224411 0.319988384240303 -0.0936547151220002 -0.345884281650513 0.0690827455164578 0.0551678904082481
0.156982194905036 0.319994292564 -0.0937064188554393 -0.346274853274859 0.0693373524584006 0.0549919390655384
0.157051439642056 0.319999907904931 -0.0937571364696569 -0.346659147140952 0.069587766594585 0.054819018838991
0.157119350115879 0.32000523791654 -0.0938068577038333 -0.347037028394306 0.0698339049326246 0.0546491805425249
0.157185911892984 0.320010290290272 -0.0938555729424912 -0.347408367287587 0.0700756877894859 0.0544824727295452
0.157251111438243 0.320015072749015 -0.0939032732237016 -0.347773039291341 0.0703130388594922 0.0543189416515066
0.157314936127235 0.32001959304053 -0.0939499502472904 -0.348130925204726 0.0705458852823265 0.0541586312164765
0.157377374258566 0.320023858930892 -0.0939955963830439 -0.348481911266239 0.0707741577110355 0.0540015829476985
0.157438415066186 0.320027878197925 -0.0940402046789154 -0.348825889264445 0.0709977903800324 0.0538478359421558
0.157498048731707 0.320031658624634 -0.0940837688692308 -0.349162756648709 0.0712167211731013 0.0536974268291343
0.157556266396721 0.320035207992646 -0.0941262833828951 -0.349492416639925 0.0714308916913994 0.0535503897287862
0.157613060175118 0.320038534075644 -0.0941677433515981 -0.349814778341244 0.0716402473214618 0.0534067562106932
0.157668423165405 0.3200416446328 -0.094208144618021 -0.350129756848804 0.0718447373032038 0.05326655525243
0.157722349463021 0.320044547402216 -0.0942474837440417 -0.350437273362462 0.0720443147979248 0.053129813198127
0.157774834172658 0.320047250094357 -0.0942857580189419 -0.350737255296521 0.0722389369563119 0.0529965537170349
0.157825873420577 0.320049760385487 -0.0943229654676121 -0.351029636390459 0.0724285649864433 0.0528667977620867
0.157875464366927 0.320052085911106 -0.0943591048587586 -0.35131435681966 0.0726131642217911 0.0527405635284619
0.157923605218063 0.320054234259385 -0.0943941757131089 -0.351591363306143 0.0727927041892257 0.0526178664121498
0.157970295238862 0.320056212964602 -0.0944281783116184 -0.351860609229293 0.0729671586770189 0.052498718968512
0.158015534765044 0.320058029500579 -0.0944611137036759 -0.352122054736588 0.0731365058028469 0.0523831308708467
0.158059325215486 0.320059691274116 -0.09449298371531 -0.35237566685433 0.0733007280817943 0.0522711088689518
0.158101669104545 0.32006120561843 -0.0945237909573951 -0.352621419598375 0.0734598124943573 0.0521626567476881
0.158142570054371 0.320062579786586 -0.0945535388338577 -0.352859294084861 0.0736137505544469 0.0520577752855426
0.158182032807227 0.320063820944938 -0.0945822315498821 -0.353089278640938 0.0737625383773931 0.051956462213192
0.158220063237809 0.320064936166563 -0.0946098741201167 -0.353311368915501 0.0739061767479479 0.0518587121720656
0.158256668365559 0.320065932424696 -0.09463647237688 -0.353525567989912 0.0740446711882878 0.0517645166729097
0.158291856366988 0.320066816586167 -0.094662032978367 -0.353731886488737 0.0741780320260191 0.0516738640543495
0.15832563658799 0.320067595404836 -0.0946865634168546 -0.353930342690471 0.0743062744621799 0.051586739441454
0.158358019556163 0.320068275515031 -0.0947100720269086 -0.354120962638271 0.0744294186392446 0.0515031247042975
0.158389016993124 0.320068863424982 -0.0947325679935889 -0.354303780250682 0.0745474897091256 0.0514229984165248
0.158418641826831 0.320069365510256 -0.094754061360656 -0.354478837432369 0.0746605179011794 0.0513463358139137
0.158446908203895 0.320069788007196 -0.0947745630387774 -0.354646184184844 0.0747685385902075 0.0512731087529375
0.158473831501904 0.320070137006354 -0.0947940848137328 -0.354805878717199 0.074871592364461 0.0512032856693304
0.158499428341736 0.320070418445931 -0.0948126393546212 -0.354957987556835 0.0749697250936446 0.0511368315366487
0.158523716599881 0.320070638105207 -0.0948302402220662 -0.355102585660186 0.0750629879969183 0.0510737078248354
0.158546715420756 0.320070801597981 -0.0948469018764225 -0.355239756523458 0.0751514377109034 0.0510138724587831
0.158568445229023 0.320070914366007 -0.0948626396859819 -0.355369592293347 0.0752351363576827 0.0509572797768977
0.15858892774191 0.320070981672428 -0.0948774699351791 -0.355492193877783 0.0753141516128073 0.0509038804896613
0.158608185981526 0.320071008595214 -0.0948914098327985 -0.355607671056645 0.0753885567732977 0.0508536216381958
0.158626244287179 0.320071000020596 -0.0949044775201794 -0.355716142592498 0.0754584308256475 0.0508064465528262
0.158643128327694 0.320070960636502 -0.0949166920794226 -0.355817736341325 0.0755238585138285 0.0507622948116439
0.158658865113734 0.320070894925995 -0.0949280735415964 -0.35591258936325 0.0755849304072922 0.0507211021990697
0.158673483010112 0.320070807160707 -0.0949386428949428 -0.35600084803327 0.0756417429689738 0.0506828006644183
0.158687011748116 0.320070701394277 -0.0949484220930832 -0.356082668151988 0.0756943986232967 0.0506473182804603
0.158699482437821 0.320070581455782 -0.0949574340632249 -0.356158215056337 0.0757430058241747 0.0506145792019861
0.158710927580409 0.320070450943181 -0.0949657027143668 -0.356227663730313 0.0757876791230155 0.0505845036243692
0.158721381080488 0.320070313216743 -0.0949732529455061 -0.356291198915706 0.0758285392367251 0.0505570077421296
0.158730878258409 0.320070171392487 -0.0949801106538435 -0.356349015222822 0.0758657131157094 0.0505320037074978
0.158739455862583 0.320070028335618 -0.09498630274299 -0.356401317241225 0.0758993340118811 0.0505093995889757
0.158747152081802 0.320069886653962 -0.0949918571311728 -0.356448319650453 0.075929541546659 0.0504890993299036
0.158754006557552 0.320069748691401 -0.0949968027594412 -0.356490247330756 0.075956481778974 0.0504710027070206
0.158760060396335 0.320069616521312 -0.0950011695998728 -0.356527335473826 0.0759803072732716 0.0504550052890292
0.158765356181986 0.320069491939999 -0.0950049886637795 -0.356559829693518 0.0760011771675159 0.0504409983951587
0.158769937987991 0.320069376460132 -0.095008292009914 -0.356587986136593 0.0760192572411933 0.0504288690537273
0.158773851389801 0.320069271304182 -0.0950111127526754 -0.356612071593434 0.0760347199833144 0.0504184999607076
0.158777143477159 0.320069177397855 -0.0950134850703151 -0.356632363608784 0.0760477446604188 0.0504097694382881
0.158779862866407 0.320069095363531 -0.0950154442131437 -0.356649150592473 0.0760585173845791 0.0504025513934372
0.158782059712811 0.3200690255137 -0.0950170265117364 -0.356662731930148 0.0760672311814022 0.0503967152764663
0.158783785722879 0.320068967844394 -0.0950182693851391 -0.356673418094002 0.0760740860580347 0.0503921260395941
0.158785094166675 0.320068922028627 -0.095019211349075 -0.356681530753501 0.0760792890711654 0.0503886440955086
0.158786039890139 0.320068887409828 -0.0950198920241502 -0.356687402886121 0.0760830543950285 0.0503861252759312
0.158786679327406 0.320068862995281 -0.0950203521440599 -0.35669137888807 0.0760856033894093 0.0503844207901795
0.15878707051312 0.320068847449556 -0.0950206335637945 -0.356693814685019 0.0760871646676436 0.0503833771837318
0.158787273094759 0.320068839087947 -0.0950207792678457 -0.356695077842837 0.0760879741646244 0.050382836296789
0.158787348344945 0.32006883586991 -0.0950208333784128 -0.356695547678313 0.0760882752048048 0.0503826352228392
0.158787359173767 0.320068835392496 -0.0950208411636082 -0.356695615369889 0.0760883185702005 0.0503826062672195
